kinematics:
  shoulder:
    x: 0
    y: 0
    z: 0.1280009614416952
    roll: -0
    pitch: 0
    yaw: 2.439597094588718e-05
  upper_arm:
    x: -1.049456248181861e-05
    y: 0
    z: 0
    roll: 1.570761904889094
    pitch: 0
    yaw: 6.829223478572099e-05
  forearm:
    x: -0.6124997858082236
    y: 0
    z: 0
    roll: 3.125475909177495
    pitch: 3.139461015742177
    yaw: -3.14151503290593
  wrist_1:
    x: -0.5714900366195264
    y: 0.002031434107998982
    z: 0.1633766315002444
    roll: 3.129159238794786
    pitch: -3.138574490740382
    yaw: 3.141588886747424
  wrist_2:
    x: 0.0001078341246038836
    y: -0.1156350585554736
    z: -0.000197933919192783
    roll: 1.572508037139087
    pitch: 0
    yaw: -0.0001131707397578033
  wrist_3:
    x: 1.954835479064569e-05
    y: 0.09219481627332553
    z: 0.000165253025654202
    roll: 1.572588757816059
    pitch: 3.141592653589793
    yaw: 3.141581564799938
  hash: calib_918970194511649350